102.81250
102.81250
111.93750
102.50000
104.00000
95.00000
99.50000
99.50000
99.50000
97.75000
92.75000
87.18750
96.75000
100.43750
100.43750
100.43750
100.43750
103.93750
106.56250
113.50000
111.31250
111.31250
111.31250
106.25000
112.25000
110.18750
110.00000
101.62500
101.62500
101.62500
103.75000
100.25000
98.81250
103.31250
108.00000
108.00000
108.00000
114.06250
114.87500
112.62500
113.50000
108.75000
108.75000
108.75000
115.81250
119.00000
114.12500
114.87500
111.25000
111.25000
111.25000
111.25000
113.81250
116.25000
115.20313
110.37500
110.37500
110.37500
113.25000
114.62500
130.31250
122.00000
128.00000
128.00000
128.00000
125.68750
122.87500
122.00000
122.25000
125.75000
125.75000
125.75000
121.31250
114.25000
116.25000
121.56250
125.00000
125.00000
125.00000
123.00000
134.93750
144.18750
141.31250
138.68750
138.68750
138.68750
139.56250
139.12500
135.93750
125.75000
135.81250
135.81250
135.81250
133.31250
127.31250
130.37500
125.18750
131.75000
131.75000
131.75000
125.00000
119.43750
109.25000
113.81250
111.87500
111.87500
111.87500
123.87500
126.87500
121.12500
118.87500
118.87500
118.87500
118.87500
120.50000
128.31250
121.31250
126.75000
124.06250
124.06250
124.06250
124.31250
117.87500
115.06250
110.68750
113.12500
113.12500
113.12500
110.12500
105.43750
99.31250
102.81250
107.62500
107.62500
107.62500
101.00000
105.68750
101.37500
100.75000
94.00000
94.00000
94.00000
89.93750
85.81250
87.68750
87.26563
86.37500
86.37500
86.37500
86.37500
87.56250
84.00000
89.12500
92.56250
92.56250
92.56250
91.31250
92.87500
96.56250
94.81250
95.75000
95.75000
95.75000
91.18750
94.50000
90.43750
92.37500
91.18750
91.18750
91.18750
96.62500
101.25000
55.62500
53.75000
51.68750
51.68750
51.68750
54.12500
51.75000
54.43750
51.25000
52.37500
52.37500
52.37500
53.31250
53.31250
51.62500
51.81250
54.43750
54.43750
54.43750
57.12500
56.93750
58.87500
56.50000
57.68750
57.68750
57.68750
58.31250
57.25000
52.68750
55.12500
53.56250
53.56250
53.56250
48.68750
50.06250
50.06250
52.00000
48.31250
48.31250
48.31250
50.81250
49.31250
47.25000
48.00000
47.37500
47.37500
47.37500
47.93750
46.75000
47.50000
47.56250
47.68750
47.68750
47.68750
47.06250
46.68750
48.50000
51.43750
50.00000
50.00000
50.00000
50.50000
51.68750
54.31250
56.10938
56.81250
56.81250
56.81250
58.06250
59.18750
59.50000
60.93750
63.43750
63.43750
63.43750
63.43750
62.43750
58.43750
62.00000
58.87500
58.87500
58.87500
58.43750
57.75000
58.00000
56.85938
55.23438
55.23438
55.23438
60.65625
59.93750
61.04688
56.68750
52.18750
52.18750
52.18750
53.50000
51.43750
48.93750
53.50000
25.75000
25.75000
25.75000
24.25000
22.31250
23.62500
22.06250
22.18750
22.18750
22.18750
21.75000
20.87500
19.62500
20.00000
22.06250
22.06250
22.06250
21.50000
20.12500
20.12500
18.93750
19.50000
19.50000
19.50000
20.37500
18.87500
18.50000
18.50000
18.56250
18.56250
18.56250
19.31250
19.56250
20.50000
22.31250
22.25000
22.25000
22.25000
21.43750
21.31250
20.06250
20.18750
19.06250
19.06250
19.06250
19.37500
20.25000
19.87500
19.00000
18.50000
18.50000
18.50000
18.93750
18.81250
18.50000
18.50000
19.31250
19.31250
19.31250
18.68750
18.03125
17.56250
16.50000
17.06250
17.06250
17.06250
16.68750
17.00000
14.31250
14.31250
15.06250
15.06250
15.06250
15.18750
15.37500
15.00000
14.43750
14.06250
14.06250
14.06250
14.25000
14.00000
14.37500
14.06250
15.00000
15.00000
15.00000
15.00000
14.68750
14.81250
14.81250
14.87500
14.87500
14.87500
